100050
100070
100100
100200
100300
100600
100675
100700
100800
100820
101000
101120
101200
101400
101600
101800
101805
101840
101850
101900
102000
102100
102150
102200
102300
102350
102370
102400
102490
102500
102510
102520
102530
102650
102660
102700
102800
102900
103050
103100
103200
103230
103285
103300
103400
103420
103470
103500
103580
103581
103780
103800
103900
103920
104000
104100
104110
104130
104200
104290
104300
104310
104350
104400
104500
104510
104530
104570
104600
105120
105150
105200
105210
105250
105300
105400
105500
105550
105563
105565
105570
105580
105600
105650
105800
105805
105830
105835
106050
106070
106100
106200
106210
106220
106230
106240
106250
106260
106280
106300
106400
106500
106600
106700
106750
106900
106990
106995
107000
107100
107200
107250
107300
107320
107480
107500
107550
107600
107601
107640
107650
107700
107800
107850
107900
107950
107970
108000
108010
108050
108100
108110
108120
108130
108140
108145
108200
108300
108320
108340
108390
108450
108500
108600
108650
108700
108720
108721
108725
108760
108770
108800
108900
108950
108985
109000
109050
109100
109120
109130
109150
109160
109200
109300
109350
109390
109400
109500
109543
109560
109650
109720
109730
109740
109800
109820
109900
110000
110050
110100
110150
110720
110800
111360
111400
111500
111600
111800
112200
112240
112250
112270
112300
112310
112350
112370
112410
112430
112440
112450
112500
112600
112700
112800
112900
112910
113000
113100
113200
113300
113301
113310
113400
113450
113470
113475
113477
113480
113500
113600
113610
113620
113650
113670
113700
113705
113750
113800
113900
113950
113970
114000
114030
114100
114120
114140
114150
114200
114290
114300
114400
114450
114480
114500
114550
114580
114600
114620
114650
114700
114900
115000
115080
115150
115195
115196
115197
115198
115200
115210
115250
115300
115310
115400
115430
115470
115645
115650
115660
115665
115700
115800
115900
116100
116150
116200
116300
116400
116600
116700
116800
116850
116860
116870
116920
117000
117100
117210
117300
117350
117360
117400
117550
117600
117650
117800
117850
117900
118000
118005
118100
118200
118210
118220
118300
118330
118350
118400
118420
118430
118450
118600
118610
118650
118651
118700
118750
118800
118865
118900
118980
119000
119100
119300
119500
119530
119540
119550
119570
119580
119600
119650
119800
119900
119915
120000
120040
120100
120200
120300
120330
120400
120430
120433
120435
120436
120440
120450
120500
120502
120790
120900
120950
120960
120970
121050
121070
121200
121201
121210
121270
121300
121350
121390
121400
121450
121700
121800
121850
121900
122000
122100
122200
122400
122430
122440
122450
122455
122470
122580
122600
122700
122750
122780
122850
122860
122880
122900
122920
123000
123050
123100
123150
123155
123320
123400
123450
123500
123540
123550
123557
123560
123570
123700
123790
123853
123880
124100
124200
124300
124400
124480
124490
124500
124700
124800
124900
124910
125000
125050
125100
125230
125250
125280
125300
125310
125320
125350
125370
125400
125420
125440
125460
125480
125490
125500
125520
125530
125540
125550
125570
125580
125590
125595
125600
125630
125635
125640
125700
125800
125850
125851
125852
125853
125890
125900
126050
126070
126100
126180
126190
126200
126250
126300
126320
126500
126550
126600
126700
126800
126840
126850
126900
126950
127000
127100
127200
127300
127350
127400
127500
127550
127600
127700
127750
127800
127820
128000
128100
128101
128200
128230
128235
128300
128400
128500
128600
128700
128710
128800
128900
128980
129000
129100
129150
129200
129400
129490
129500
129510
129540
129550
129600
129750
129810
129830
129840
129850
129900
130000
130010
130020
130050
130060
130070
130080
130090
130100
130180
130190
130600
130650
130700
130710
130900
130950
131100
131200
131300
131400
131430
131440
131445
131450
131460
131500
131600
131705
131750
131760
131800
131850
131880
131900
131950
131960
132000
132090
132100
132300
132400
132450
132500
132600
132700
132800
132900
132990
133000
133020
133100
133180
133190
133200
133239
133240
133450
133500
133600
133690
133700
133701
133705
133750
133780
133800
133900
134000
134100
134200
134300
134400
134430
134500
134510
134520
134540
134600
134610
134700
134750
134780
134900
135100
135150
135290
135300
135400
135500
135550
135580
135700
135750
135800
135900
135950
136000
136100
136120
136140
136150
136200
136300
136400
136480
136500
136520
136540
136550
136580
136600
136610
136630
136660
136680
136760
136800
136880
136900
137000
137040
137050
137100
137130
137200
137210
137215
137245
137270
137280
137357
137360
137370
137400
137440
137500
137550
137560
137575
137580
137600
137700
137750
137760
137763
137765
137800
137920
137950
138000
138070
138500
138770
138800
138900
138920
138930
139000
139090
139100
139210
139300
139393
139400
139450
139500
139600
139630
139650
139750
139800
139900
140000
140300
140340
140350
140400
140450
140500
140600
140700
140850
140900
141000
141200
141300
141350
141400
141405
141500
141700
141749
141750
142330
142335
142340
142350
142395
142400
142450
142470
142500
142623
142625
142630
142669
142680
142690
142700
142730
142900
142945
142946
143000
143050
143095
143100
143200
143400
143465
143470
143500
143850
143860
143870
143880
143890
144010
144050
144100
144110
144120
144150
144190
144200
144250
144300
144400
144600
144650
144700
144750
144755
144800
145000
145001
145100
145200
145250
145260
145290
145295
145300
145350
145400
145410
145420
145500
145590
145600
145650
145680
145700
145701
145750
145800
145900
145980
145981
146000
146110
146160
146200
146255
146300
146390
146400
146450
146500
146510
146520
146530
146550
146590
146600
146700
146720
146750
146800
146830
146840
146850
147050
147060
147250
147251
147300
147330
147350
147400
147420
147421
147430
147480
147530
147540
147610
147630
147710
147750
147770
147791
147800
147820
147891
147900
147920
147950
148000
148050
148100
148190
148200
148210
148300
148350
148360
148370
148390
148500
148520
148600
148700
148730
148800
148820
148840
148860
148870
148900
149000
149100
149200
149300
149400
149600
149700
149730
150170
150220
150230
150250
150260
150270
150280
150300
150360
150400
150500
150550
150590
150600
150699
150700
150800
150900
151000
151001
151020
151050
151100
151200
151210
151310
151380
151390
151400
151410
151430
151440
151441
151500
151550
151590
151600
151610
151620
151623
151630
151640
151660
151700
151800
151900
152420
152430
152460
152550
152600
152700
152800
152900
152950
153000
153100
153200
153300
153400
153470
153480
153550
153600
153630
153640
153650
153670
153700
153800
153840
153870
153880
153890
154000
154020
154230
154275
154276
154300
154400
154500
154600
154700
154705
154750
154780
154850
155000
155050
155100
155140
155145
155150
155200
155240
155255
155310
155350
155500
155600
155601
155700
155720
155755
155800
155900
155950
155980
156000
156190
156200
156220
156230
156232
156240
156250
156400
156500
156510
156520
156530
156550
156575
156580
156590
156600
156610
156620
156700
156810
156830
156850
156900
157100
157150
157151
157170
157200
157300
157400
157600
157640
157700
157800
157860
157900
157910
157950
157980
158000
158100
158170
158250
158280
158300
158310
158320
158330
158345
158350
158400
158500
158580
158590
158600
158650
158700
158800
158810
158900
158901
159000
159001
159050
159100
159300
159400
159410
159420
159500
159550
159552
159555
159556
159557
159558
159580
159595
159600
159700
159800
159900
159950
160010
160120
160150
160200
160300
160500
160550
160565
160700
160750
160800
160900
160980
160990
161000
161050
161100
161200
161400
161470
161480
161500
161530
161550
161600
161700
161800
161900
161950
162000
162091
162100
162200
162210
162220
162240
162260
162270
162300
162350
162370
162380
162400
162500
162700
162800
162820
162830
162900
163000
163050
163100
163200
163400
163500
163600
163700
163800
163850
163950
163955
164000
164100
164150
164170
164180
164185
164190
164200
164210
164220
164230
164280
164300
164310
164330
164400
164500
164600
164680
164700
164745
164750
164800
164900
165000
165098
165150
165199
165300
165490
165500
165510
165550
165590
165600
165630
165660
165670
165680
165700
165720
165800
166000
166200
166210
166220
166230
166240
166250
166260
166300
166350
166400
166450
166500
166600
166700
166705
166710
166740
166750
166760
166780
166800
166900
166910
166950
166970
166990
167100
167200
167210
167220
167320
167400
167500
167600
167700
167730
167750
167755
167800
167870
167900
167950
168000
168100
168200
168300
168400
168500
168550
168600
168601
168605
168610
168800
168850
168860
168885
168900
169000
169100
169150
169170
169200
169300
169400
169500
169545
169550
169600
169610
170390
170400
170500
170600
170650
170700
170900
170980
171100
171200
171300
171350
171400
171420
171450
171480
172150
172500
172700
172800
172850
172870
172880
172900
173000
173100
173200
173400
173420
173450
173500
173560
173580
173590
173600
173650
173700
173800
173900
174050
174100
174200
174300
174310
174400
174500
174600
174700
174770
174800
174810
174900
175020
175100
175200
175400
175450
175500
175505
175510
175690
175700
175750
175780
175800
175850
175860
175900
176000
176010
176090
176100
176200
176240
176250
176270
176305
176400
176410
176430
176450
176500
176600
176620
176670
176690
176700
176780
176800
176807
176860
176900
176920
176950
177000
177050
177100
177150
177170
177200
177300
177350
177650
177700
177720
177735
177750
177800
177820
177850
177860
177900
177980
177990
178000
178110
178200
178300
178330
178350
178370
178400
178500
178550
178600
178610
178650
178651
178800
178900
178995
179000
179010
179200
179250
179270
179280
179300
179400
179450
179500
179600
179613
179650
179700
179760
179770
179800
179830
179840
179850
179900
180000
180020
180040
180050
180070
180080
180100
180104
180105
180200
180210
180270
180295
180300
180350
180360
180500
180550
180600
180700
180730
180750
180800
180849
180860
180870
180900
180920
180950
181000
181010
181030
181180
181200
181250
181270
181300
181350
181400
181405
181430
181440
181450
181460
181500
181510
181515
181600
181700
181750
181800
182000
182150
182170
182200
182210
182212
182220
182230
182250
182255
182260
182280
182290
182410
182600
182601
182610
182690
182800
182815
182820
182830
182900
182920
182930
182940
182950
182970
182980
182990
183000
183020
183050
183086
183090
183100
183300
183350
183400
183500
183600
183700
183800
183802
183840
183849
183850
183900
184000
184095
184100
184200
184250
184252
184253
184255
184260
184300
184400
184450
184460
184500
184510
184700
184705
184800
184840
184850
184900
185000
185010
185020
185050
185069
185070
185100
185120
185200
185300
185400
185450
185460
185480
185500
185600
185650
185700
185750
185800
185900
186000
186100
186200
186300
186350
186400
186500
186550
186570
186575
186580
186600
186700
186750
186850
186860
186950
187000
187040
187050
187100
187260
187300
187340
187350
187360
187370
187390
187400
187500
187501
187510
187600
187601
187750
187760
187770
187800
187900
187950
188000
188020
188025
188030
188050
188055
188100
188150
188200
188201
188400
188455
188470
188550
188560
188570
188580
188700
188740
188770
188800
188890
189000
189100
189150
189200
189230
189300
189490
189500
189600
189700
189800
189960
189961
190100
190200
190300
190310
190320
190330
190340
190345
190350
190351
190360
190400
190410
190440
190500
190600
190605
190650
190680
190685
190800
190900
191000
191090
191091
191100
191150
191200
191250
191390
191400
191420
191440
191480
191482
191500
191520
191550
191600
191650
191700
191800
191830
191850
191900
191950
192000
192050
192100
192200
192300
192310
192315
192350
192400
192430
192445
192500
192600
192605
192700
192800
192900
192950
193000
193003
193005
193007
193050
193100
193200
193220
193230
193235
193240
193250
193300
193400
193450
193500
193510
193520
193530
193670
193680
193700
193900
194000
194050
194070
194072
194080
194090
194100
194190
194200
194300
194320
194350
194380
194400
194470
200100
200110
200130
200150
200170
200300
200400
200450
200500
200600
200610
200700
200710
200720
200900
200950
200970
200980
200990
200995
201000
201020
201050
201100
201170
201180
201200
201250
201300
201310
201400
201450
201460
201470
201475
201550
201710
201750
201810
201910
202110
202150
202155
202200
202300
202370
202400
202550
202600
202650
202660
202700
202900
203000
203100
203200
203280
203285
203290
203300
203310
203330
203340
203400
203450
203500
203550
203600
203650
203655
203700
203750
203780
203800
204000
204100
204110
204200
204300
204500
204650
204690
204700
204730
204750
204800
204850
204870
204900
205000
205100
205200
205250
205400
205600
205700
205900
205950
206000
206100
206200
206300
206400
206500
206550
206570
206600
206700
206750
206780
206800
206900
206920
207000
207300
207410
207500
207600
207620
207700
207720
207731
207750
207765
207770
207780
207790
207800
207900
207950
208000
208050
208060
208080
208081
208085
208100
208150
208155
208158
208200
208230
208250
208300
208400
208500
208530
208540
208550
208600
208700
208750
208850
208870
208900
208920
209000
209050
209100
209300
209500
209600
209700
209770
209850
209880
209885
209900
209920
209950
209970
210000
210050
210200
210210
210250
210350
210370
210400
210450
210500
210550
210600
210700
210710
210720
210730
210740
210745
210750
210900
211000
211120
211170
211180
211200
211350
211355
211369
211370
211380
211390
211400
211410
211450
211500
211530
211600
211750
211770
211800
211890
211900
211910
211920
211930
211965
211980
211990
212050
212060
212065
212066
212067
212070
212080
212090
212093
212100
212110
212112
212120
212130
212135
212140
212160
212200
212350
212360
212400
212500
212540
212550
212710
212720
212780
212790
212800
212835
212840
212850
212890
212895
212900
213000
213002
213010
213100
213200
213300
213400
213500
213600
213700
213820
213950
213980
214100
214110
214150
214200
214290
214300
214350
214370
214400
214450
214500
214700
214800
214900
214950
214980
215030
215045
215050
215100
215105
215140
215150
215250
215300
215400
215450
215470
215480
215500
215510
215518
215520
215550
215600
215700
215720
215800
215850
216100
216300
216330
216340
216360
216400
216411
216550
216700
216800
216820
216900
216920
216950
217000
217050
217070
217080
217085
217090
217095
217100
217150
217200
217300
217400
217500
217520
217600
217700
217800
217980
217990
218000
218010
218040
218050
218090
218100
218200
218300
218330
218340
218350
218400
218450
218455
218500
218600
218649
218650
218670
218700
218800
218900
219000
219050
219070
219080
219095
219100
219150
219200
219250
219300
219500
219550
219700
219721
219750
219800
219900
220100
220110
220111
220120
220150
220200
220210
220219
220220
220290
220300
220400
220500
220600
220700
220900
221200
221300
221320
221350
221400
221500
221600
221650
221700
221740
221750
221760
221770
221780
221790
221800
221810
221820
221900
221950
221995
222000
222100
222300
222350
222400
222448
222470
222500
222600
222690
222700
222730
222760
222765
222800
222900
223000
223100
223300
223320
223330
223340
223350
223370
223400
223500
223540
223550
223610
223800
223900
224000
224050
224100
224120
224200
224230
224250
224300
224400
224410
224500
224550
224690
224700
224750
224800
224900
225000
225040
225050
225060
225100
225200
225280
225290
225300
225310
225320
225400
225410
225450
225500
225700
225740
225750
225753
225755
225790
226000
226100
226110
226150
226200
226350
226400
226440
226450
226500
226600
226650
226670
226700
226730
226735
226750
226800
226810
226850
226900
226950
226960
226980
226985
226990
227000
227010
227050
227090
227100
227150
227200
227210
227220
227240
227250
227255
227260
227270
227280
227290
227300
227320
227330
227400
227500
227600
227650
227810
227850
228000
228020
228100
228200
228250
228300
228355
228400
228520
228560
228600
228800
228900
228930
228940
228960
228980
228990
229000
229045
229050
229070
229100
229120
229200
229250
229300
229310
229400
229500
229600
229800
229850
229900
230000
230200
230300
230350
230400
230430
230450
230500
230600
230650
230700
230710
230740
230750
230800
230900
231000
231005
231050
231060
231070
231080
231090
231095
231100
231200
231300
231520
231530
231550
231630
231670
231680
231690
231900
231950
231970
232220
232240
232300
232500
232700
233100
233270
233300
233400
233420
233430
233450
233500
233600
233800
233810
233910
234000
234030
234050
234100
234200
234250
234280
234300
234350
234500
234580
234700
234800
234810
234820
235000
235200
235255
235360
235370
235400
235500
235510
235550
235555
235600
235700
235730
235800
235830
235900
236000
236100
236110
236130
236200
236250
236270
236400
236410
236450
236490
236500
236600
236635
236640
236660
236670
236680
236690
236700
236730
236750
236792
236795
236800
236900
237000
237100
237300
237310
237400
237450
237500
237550
237800
237900
238200
238320
238340
238350
238400
238500
238600
238700
238710
238750
238800
238950
238970
239000
239100
239199
239200
239300
239350
239400
239500
239510
239710
239711
239800
239840
239850
239900
240150
240200
240300
240400
240500
240600
240800
240900
240950
241000
241080
241090
241100
241120
241150
241200
241310
241410
241500
241510
241519
241520
241530
241540
241550
241600
241760
241800
241850
242100
242150
242300
242500
242510
242520
242530
242550
242600
242650
242670
242680
242700
242840
242850
242860
242880
242890
242900
243000
243050
243060
243080
243100
243110
243150
243185
243200
243300
243310
243320
243340
243400
243440
243450
243500
243600
243605
243700
243800
243910
244100
244200
244300
244400
244450
244460
244510
244600
244850
245000
245010
245100
245130
245150
245160
245180
245190
245200
245300
245340
245400
245450
245480
245550
245552
245570
245590
245600
245650
245660
245800
245900
246000
246200
246300
246400
246450
246470
246500
246550
246555
246560
246570
246650
246900
247100
247150
247200
247410
247420
247430
247440
247450
247610
247630
247640
247650
247800
247950
247990
248000
248010
248100
248110
248190
248200
248250
248260
248300
248310
248340
248350
248360
248370
248390
248400
248450
248600
248700
248760
248770
248800
248810
248900
248910
248950
249000
249100
249210
249230
249240
249270
249300
249310
249400
249420
249500
249599
249600
249620
249630
249650
249660
249670
249700
249710
249900
250100
250215
250220
250230
250250
250300
250400
250410
250420
250450
250460
250500
250600
250620
250650
250700
250790
250800
250850
250900
250940
250950
250951
251000
251100
251110
251120
251190
251200
251220
251230
251240
251250
251255
251260
251270
251280
251290
251300
251400
251450
251455
251500
251505
251600
251700
251800
251880
251900
251950
252010
252011
252030
252100
252150
252200
252250
252270
252300
252320
252350
252500
252600
252605
252650
252700
252900
252920
252930
252940
253000
253010
253200
253220
253230
253240
253250
253270
253280
253290
253300
253310
253320
253400
253550
253590
253600
253601
253700
253800
253900
254000
254090
254100
254110
254120
254130
254150
254200
254210
254300
254400
254450
254500
254600
254770
254780
254800
254900
254940
254950
254960
255100
255110
255120
255125
255140
255160
255200
255300
255310
255320
255500
255600
255700
255710
255800
255900
255960
255980
255990
255995
256000
256030
256040
256050
256100
256120
256150
256200
256300
256350
256370
256450
256500
256520
256550
256600
256690
256700
256710
256730
256731
256800
256810
256840
256850
256851
256855
256860
256870
257100
257150
257200
257220
257270
257300
257320
257350
257500
257550
257600
257790
257800
257850
257910
257920
257950
257960
257970
257980
258040
258100
258150
258200
258300
258315
258320
258360
258400
258450
258470
258480
258500
258501
258650
258660
258700
258800
258840
258850
258860
258865
258870
258900
258920
259050
259100
259200
259250
259270
259410
259420
259440
259450
259500
259550
259600
259610
259650
259660
259680
259690
259700
259710
259720
259730
259750
259770
259775
259780
259900
260000
260005
260130
260150
260200
260300
260350
260370
260400
260450
260470
260480
260500
260530
260540
260555
260565
260570
260600
260650
260660
260800
260900
260910
260920
260950
260970
261000
261100
261400
261500
261515
261540
261550
261560
261575
261590
261600
261630
261670
261740
261750
261800
261900
261990
262000
262020
262190
262300
262350
262400
262500
262600
262650
262700
262710
262800
262850
262900
263000
263100
263200
263210
263300
263400
263450
263510
263520
263530
263540
263550
263560
263570
263610
263630
263650
263700
263750
263800
264010
264050
264060
264070
264080
264090
264110
264120
264140
264150
264180
264270
264300
264350
264420
264470
264475
264480
264500
264600
264700
264800
264810
264900
265000
265050
265100
265120
265140
265150
265200
265300
265380
265400
265430
265500
265600
265800
265850
265880
265900
265950
266100
266120
266130
266140
266150
266200
266250
266255
266265
266270
266280
266300
266350
266400
266500
266510
266600
266810
266900
266910
266920
267000
267010
267200
267300
267400
267430
267450
267480
267500
267700
267730
267740
267750
267760
267800
267900
268000
268010
268020
268025
268040
268050
268060
268080
268100
268130
268150
268200
268210
268220
268250
268300
268305
268310
268315
268320
268400
268500
268650
268670
268700
268800
268850
268900
268950
269000
269150
269160
269200
269250
269300
269400
269500
269600
269630
269650
269700
269720
269800
269840
269860
269870
269880
269920
269921
269950
270100
270150
270200
270220
270230
270300
270350
270400
270420
270425
270450
270460
270500
270550
270600
270685
270700
270710
270750
270800
270805
270850
270900
270950
270960
270970
271100
271109
271110
271150
271200
271220
271225
271245
271250
271270
271310
271320
271322
271400
271500
271510
271520
271530
271550
271600
271620
271630
271640
271650
271665
271700
271900
271930
271950
271960
272000
272100
272120
272150
272200
272300
272350
272370
272430
272440
272450
272460
272480
272550
272600
272620
272650
272700
272750
272800
272950
272980
273000
273050
273120
273150
273250
273300
273390
273395
273400
273490
273600
273680
273730
273740
273750
273770
273800
273900
274000
274150
274190
274200
274205
274210
274230
274240
274260
274265
274300
274400
274500
274600
274800
275000
275100
275120
275190
275200
275210
275220
275230
275240
275250
275300
275350
275370
275400
275450
275550
275595
275600
275630
275900
276100
276200
276300
276400
276410
276500
276600
276700
276710
276800
276820
276821
276822
276880
276900
276901
276902
276904
276905
276950
277000
277100
277150
277170
277175
277180
277200
277300
277320
277350
277400
277410
277420
277440
277450
277460
277465
277470
277480
277580
277590
277600
277610
277700
277720
277730
277740
277900
277950
277970
277990
278000
278150
278200
278250
278300
278400
278700
278720
278730
278740
278750
278760
278780
278800
278810
278850
278900
279000
280000
300000
300001
300004
300009
300018
300029
300030
300033
300042
300046
300047
300048
300049
300055
300062
300064
300066
300067
300068
300069
300071
300073
300076
300077
300082
300085
300087
300088
300100
300106
300114
300115
300123
300125
300129
300136
300143
300148
300155
300158
300166
300179
300183
300184
300194
300195
300200
300204
300209
300210
300215
300216
300218
300219
300220
300221
300228
300232
300233
300238
300240
300243
300244
300245
300250
300257
300258
300259
300260
300261
300262
300263
300266
300268
300270
300271
300273
300274
300279
300280
300290
300291
300293
300299
300301
300306
300310
300321
300322
300323
300324
300331
300337
300345
300352
300354
300355
300360
300367
300372
300373
300376
300378
300387
300388
300389
300397
300400
300406
300412
300419
300421
300422
300423
300424
300425
300426
300428
300430
300431
300432
300433
300434
300436
300438
300442
300448
300454
300458
300464
300465
300471
300472
300475
300476
300484
300486
300488
300489
300491
300494
300495
300496
300497
300498
300500
300501
300503
300504
300505
300509
300510
300511
300600
300650
300700
301000
301040
301050
301090
301100
301200
301201
301220
301300
301310
301410
301500
301590
301700
301790
301800
301815
301830
301835
301840
301845
301900
301940
301950
302000
302030
302045
302060
302200
302300
302350
302380
302400
302500
302600
302700
302800
302802
302803
302900
302905
302950
302960
303100
303110
303350
303400
303600
303650
303700
303800
303900
304000
304020
304030
304050
304100
304110
304120
304150
304200
304300
304340
304350
304400
304500
304590
304700
304730
304790
304800
304900
304950
305000
305100
305200
305300
305350
305390
305400
305435
305450
305550
305600
305620
305645
305690
305700
305800
306100
306190
306300
306400
306500
306700
306800
306900
306930
306950
306955
306960
306995
307000
307010
307030
307200
307300
307500
307700
307800
307810
307830
308050
308100
308200
308205
308220
308230
308240
308250
308280
308300
308350
308370
308500
308600
308700
308750
308800
308830
308850
308905
308930
308940
308950
308960
309000
309100
309120
309150
309200
309300
309350
309400
309470
309480
309490
309500
309510
309520
309530
309541
309545
309548
309549
309555
309560
309580
309583
309585
309590
309600
309605
309610
309620
309630
309640
309645
309660
309700
309800
309801
309840
309900
309930
309950
310000
310095
310200
310300
310350
310370
310400
310440
310450
310460
310465
310468
310470
310490
310500
310600
310700
310800
310900
310980
311000
311050
311070
311100
311150
311200
311250
311280
311300
311350
311360
311400
311450
311510
311601
311750
311895
311900
312000
312060
312080
312100
312150
312190
312200
312210
312300
312450
312500
312530
312550
312600
312612
312700
312750
312780
312800
312830
312840
312860
312863
312870
312910
312920
313000
313200
313350
313400
313420
313490
313500
313550
313850
313900
314050
314100
314200
314240
314250
314300
314320
314360
314380
314390
314400
314500
314550
314570
314580
314600
314900
315000
400004
415000
424500
425500
475000
480000
500000
500001
500002
500003
500004
502000
510000
515000
520000
520100
530000
535000
540000
545000
550000
550500
551000
551200
551500
553000
556500
557000
560000
580000
598500
600000
600002
600057
600059
600060
600072
600080
600081
600082
600084
600092
600093
600095
600096
600101
600105
600110
600116
600117
600118
600121
600122
600123
600131
600132
600138
600139
600143
600145
600146
600151
600155
600159
600165
600166
600171
600175
600176
600193
600195
600202
600204
600208
600223
600224
600231
600251
600252
600256
600257
600263
600268
600269
600273
600274
600302
600309
600316
600319
600325
600328
600329
600330
600331
600334
600335
600348
600351
600356
600360
600361
600363
600373
600376
600383
600384
600399
600416
600419
600430
600457
600458
600459
600460
600461
600462
600467
600496
600501
600510
600511
600512
600513
600559
600561
600588
600593
600598
600613
600624
600625
600627
600628
600630
600631
600634
600638
600648
600649
600651
600652
600668
600669
600670
600674
600679
600680
600705
600706
600721
600736
600737
600740
600757
600771
600775
600776
600790
600791
600792
600794
600795
600801
600802
600803
600807
600808
600819
600850
600852
600858
600880
600881
600882
600884
600885
600886
600903
600906
600907
600908
600918
600919
600920
600952
600955
600962
600964
600965
600969
600971
600972
600974
600975
600977
600987
600989
600990
600991
600992
600994
600995
600996
601001
601003
601004
601005
601016
601027
601039
601042
601067
601068
601071
601072
601075
601076
601083
601085
601086
601088
601095
601096
601098
601101
601104
601110
601127
601144
601152
601154
601160
601161
601162
601163
601164
601170
601186
601187
601195
601200
601202
601208
601214
601216
601217
601220
601222
601223
601224
601228
601230
601238
601251
601277
601279
601283
601286
601287
601313
601316
601317
601318
601319
601321
601322
601331
601338
601341
601344
601345
601346
601347
601348
601349
601350
601351
601352
601353
601356
601357
601358
601359
601360
601362
601367
601369
601370
601371
601372
601374
601375
601376
601378
601379
601382
601386
601389
601390
601399
601400
601407
601410
601412
601414
601419
601420
601427
601438
601446
601449
601450
601451
601452
601453
601454
601455
601457
601462
601466
601471
601472
601491
601492
601494
601495
601499
601518
601536
601537
601539
601543
601544
601547
601549
601552
601553
601559
601560
601561
601596
601606
601608
601612
601616
601626
601631
601634
601635
601650
601665
601666
601668
601675
601676
601678
601680
601682
601696
601700
601701
601705
601706
601707
601708
601709
601718
601744
601759
601764
601775
601776
601777
601779
601780
601794
601800
601803
601808
601809
601811
601812
601813
601815
601816
601820
601829
601842
601846
601847
601849
601853
601859
601868
601869
601884
601885
601887
601888
601894
601927
601941
601942
601952
601954
601957
601976
601977
601979
601992
602014
602032
602036
602066
602067
602068
602071
602077
602078
602079
602080
602081
602082
602083
602085
602086
602087
602088
602089
602092
602093
602096
602097
602099
602107
602111
602124
602134
602152
602196
602199
602200
602247
602248
602249
602254
602271
602340
602342
602347
602361
602390
602398
602400
602401
602404
602409
602418
602433
602439
602440
602450
602459
602471
602473
602475
602481
602482
602483
602484
602485
602491
602497
602499
602501
602511
602522
602523
602535
602540
602541
602551
602553
602554
602555
602556
602557
602558
602561
602562
602564
602579
602585
602588
602594
602596
602611
602612
602613
602629
602639
602668
602685
602722
602723
602771
602772
602782
602849
602875
602952
602966
603003
603010
603013
603034
603041
603047
603096
603098
603116
603117
603119
603133
603147
603165
603174
603175
603176
603188
603194
603204
603206
603218
603221
603233
603266
603278
603280
603323
603358
603373
603376
603386
603387
603388
603389
603391
603393
603394
603396
603431
603438
603439
603446
603457
603463
603471
603511
603513
603516
603523
603528
603529
603530
603543
603545
603546
603552
603553
603554
603563
603569
603572
603585
603587
603588
603589
603595
603596
603600
603622
603629
603641
603642
603643
603649
603656
603669
603670
603671
603678
603688
603689
603694
603720
603736
603737
603740
603744
603776
603786
603794
603802
603806
603807
603813
603828
603829
603830
603860
603896
603902
603903
603909
603918
603932
603933
603935
603956
603964
604004
604060
604091
604093
604116
604117
604121
604129
604131
604145
604168
604169
604173
604183
604185
604187
604201
604213
604218
604219
604228
604229
604232
604233
604250
604254
604257
604271
604273
604278
604284
604286
604287
604288
604290
604291
604292
604302
604307
604308
604314
604315
604316
604317
604320
604321
604324
604326
604329
604335
604348
604352
604356
604360
604363
604364
604367
604369
604370
604377
604379
604380
604381
604382
604387
604391
604393
604400
604401
604412
604416
604431
604432
604442
604451
604454
604474
604484
604498
604499
604519
604536
604537
604547
604559
604563
604571
604622
604625
604690
604704
604709
604715
604717
604757
604765
604772
604777
604781
604801
604802
604804
604805
604809
604827
604830
604841
604855
604856
604864
604901
604906
604916
604919
604922
604928
604929
604931
605013
605019
605021
605026
605027
605039
605040
605041
605055
605067
605074
605075
605089
605115
605130
605156
605192
605201
605203
605218
605225
605229
605233
605249
605253
605258
605259
605274
605275
605280
605282
605285
605288
605289
605293
605309
605311
605316
605321
605339
605355
605361
605362
605364
605373
605375
605376
605387
605388
605389
605400
605407
605419
605428
605432
605462
605463
605472
605479
605480
605526
605549
605552
605572
605582
605583
605588
605589
605594
605606
605617
605618
605627
605635
605637
605642
605670
605672
605676
605678
605685
605711
605714
605719
605724
605726
605727
605728
605735
605746
605749
605750
605751
605756
605779
605804
605805
605808
605809
605814
605818
605820
605822
605833
605838
605839
605841
605844
605850
605856
605871
605899
605911
605913
605934
605935
605945
605946
605967
605982
606002
606003
606012
606035
606044
606049
606053
606054
606056
606068
606069
606070
606071
606072
606104
606129
606155
606156
606159
606163
606164
606169
606170
606174
606175
606176
606177
606179
606183
606190
606215
606217
606220
606232
606240
606242
606243
606257
606282
606324
606346
606349
606353
606364
606367
606369
606391
606392
606394
606407
606408
606437
606438
606445
606451
606482
606483
606519
606527
606528
606529
606545
606552
606554
606574
606579
606581
606593
606595
606606
606612
606616
606617
606632
606640
606641
606642
606656
606657
606658
606660
606661
606662
606664
606685
606688
606689
606690
606703
606705
606708
606713
606719
606721
606744
606752
606762
606764
606766
606768
606772
606773
606777
606785
606788
606798
606799
606812
606824
606835
606840
606842
606843
606851
606854
606856
606858
606864
606874
606875
606889
606893
606894
606895
606896
606904
606937
606943
606952
606963
606966
606984
606996
607014
607015
607017
607034
607039
607060
607078
607080
607085
607086
607087
607088
607091
607095
607101
607107
607115
607131
607132
607133
607136
607140
607143
607150
607151
607152
607154
607155
607161
607174
607196
607197
607200
607202
607208
607214
607221
607225
607236
607239
607248
607250
607258
607259
607271
607276
607277
607278
607279
607304
607308
607313
607317
607322
607323
607324
607326
607329
607330
607341
607346
607354
607361
607364
607371
607373
607395
607398
607411
607417
607426
607432
607450
607453
607454
607458
607459
607464
607473
607475
607476
607482
607485
607487
607498
607499
607500
607501
607504
607507
607508
607514
607516
607523
607539
607540
607541
607543
607552
607554
607561
607565
607569
607572
607578
607584
607594
607595
607596
607597
607598
607600
607602
607616
607624
607625
607626
607628
607631
607634
607636
607641
607644
607654
607655
607656
607658
607665
607671
607674
607676
607677
607678
607681
607682
607683
607684
607685
607688
607689
607692
607694
607706
607721
607728
607731
607734
607736
607739
607745
607748
607765
607778
607785
607791
607801
607812
607821
607822
607823
607829
607831
607832
607834
607841
607842
607847
607850
607855
607857
607859
607864
607872
607876
607893
607903
607906
607907
607920
607921
607932
607936
607941
607944
607948
607949
607965
607966
607967
608013
608022
608026
608027
608028
608029
608030
608031
608032
608033
608035
608036
608049
608051
608056
608063
608068
608088
608091
608093
608096
608097
608098
608099
608104
608105
608106
608115
608118
608154
608156
608158
608173
608174
608175
608176
608180
608184
608189
608194
608203
608207
608217
608219
608220
608223
608224
608227
608232
608233
608236
608244
608251
608257
608264
608265
608266
608278
608279
608281
608290
608316
608318
608320
608323
608328
608340
608345
608346
608354
608355
608358
608361
608363
608367
608371
608372
608380
608389
608390
608391
608392
608393
608394
608395
608404
608406
608410
608415
608423
608432
608437
608443
608445
608446
608447
608448
608454
608456
608470
608474
608484
608505
608509
608516
608518
608526
608540
608542
608545
608553
608556
608557
608559
608562
608563
608565
608567
608569
608571
608572
608578
608579
608583
608584
608585
608586
608591
608594
608600
608611
608612
608615
608622
608623
608624
608627
608629
608631
608634
608636
608637
608638
608641
608643
608644
608645
608646
608647
608649
608652
608653
608654
608656
608658
608664
608670
608673
608681
608687
608688
608695
608696
608703
608709
608710
608716
608720
608728
608742
608747
608751
608758
608762
608763
608768
608776
608779
608782
608787
608796
608799
608800
608804
608805
608807
608808
608809
608810
608811
608812
608814
608816
608831
608836
608837
608840
608852
608864
608874
608885
608890
608895
608898
608901
608902
608907
608908
608911
608930
608931
608932
608935
608940
608957
608967
608970
608971
608978
608980
608983
608984
608988
608995
608996
609006
609008
609015
609016
609021
609026
609029
